{
  "advancedEditorSelectedIdentifier" : "ProjectBrowser",
  "openSceneRelativePaths" : [
    "Scene.usda"
  ],
  "recentIdentifiers" : {
    "26DBAE76-5DD8-47B6-A085-1B4ADA111097" : [

    ]
  },
  "sceneCameraHistory" : {
    "26DBAE76-5DD8-47B6-A085-1B4ADA111097" : [
      {
        "date" : 747474821.315983,
        "title" : "Untitled",
        "transform" : [
          -0.81297714,
          -1.5218165e-08,
          0.5822957,
          0,
          0.31008032,
          0.84642154,
          0.4329212,
          0,
          -0.4928676,
          0.5325135,
          -0.6881214,
          0,
          -0.17593245,
          0.15004161,
          -0.2462267,
          1
        ]
      },
      {
        "date" : 747474817.525418,
        "title" : "Untitled",
        "transform" : [
          -0.82457554,
          -9.450673e-09,
          0.565752,
          0,
          0.4269085,
          0.6562014,
          0.622213,
          0,
          -0.37124717,
          0.75458586,
          -0.5410876,
          0,
          -0.13904843,
          0.2311641,
          -0.20327567,
          1
        ]
      },
      {
        "date" : 747474815.067608,
        "title" : "Untitled",
        "transform" : [
          0.0324018,
          1.8495289e-09,
          0.99947494,
          0,
          -0.09235439,
          0.99572164,
          0.0029940042,
          0,
          -0.99519885,
          -0.09240293,
          0.032263048,
          0,
          -0.33128822,
          -0.06505689,
          0.010392092,
          1
        ]
      },
      {
        "date" : 747474809.55969,
        "title" : "Untitled",
        "transform" : [
          0.8582318,
          1.7238797e-09,
          0.51326215,
          0,
          -0.25869885,
          0.86368686,
          0.4325734,
          0,
          -0.44329792,
          -0.5040287,
          0.74124354,
          0,
          -0.1404312,
          -0.19887222,
          0.23413926,
          1
        ]
      },
      {
        "date" : 747474806.466101,
        "title" : "Untitled",
        "transform" : [
          0.9212497,
          4.8926005e-09,
          -0.38897166,
          0,
          -0.15669733,
          0.9152659,
          -0.37112564,
          0,
          0.3560125,
          0.4028502,
          0.8431885,
          0,
          0.12466719,
          0.104117826,
          0.29615852,
          1
        ]
      },
      {
        "date" : 747474671.665811,
        "title" : "Untitled",
        "transform" : [
          0.9999969,
          -1.4514306e-11,
          -0.0024784456,
          0,
          -0.00055654754,
          0.9744614,
          -0.22455439,
          0,
          0.0024151497,
          0.22455508,
          0.9744584,
          0,
          0.00048293913,
          0.042181127,
          0.33513105,
          1
        ]
      },
      {
        "date" : 747474666.847462,
        "title" : "Untitled",
        "transform" : [
          1,
          0,
          0,
          0,
          0,
          0.7071069,
          -0.70710677,
          0,
          0,
          0.70710677,
          0.7071069,
          0,
          -0.00034766644,
          0.21347049,
          0.2617681,
          1
        ]
      },
      {
        "date" : 747474658.465857,
        "title" : "Untitled",
        "transform" : [
          1,
          0,
          0,
          0,
          0,
          0.7071069,
          -0.70710677,
          0,
          0,
          0.70710677,
          0.7071069,
          0,
          0,
          1.4033585,
          1.4033587,
          1
        ]
      }
    ]
  },
  "sceneViewportBackgroundColors" : {

  }
}